5.951825392777508e-17 -2.4501337000592153e-16
-0.010708719918794435 0.047528461372170816
-0.01963102231105769 0.09435247710825365
-0.02685298957214141 0.14042681108807772
-0.032472648748412464 0.18570761498946595
-0.036598505852332625 0.23015246996102642
-0.039348029328677855 0.27372042624635934
-0.04084609521165496 0.3163720407227779
-0.041223406639286087 0.35806941232034023
-0.04061490043350766 0.39877621528969287
-0.039158153412218184 0.43845773028997853
-0.03699180097375162 0.4770808732708273
-0.034253980286193725 0.5146142221252382
-0.031080810125323155 0.5510280410929661
-0.027604919037951158 0.5862943028968526
-0.023954033064717193 0.6203867085973674
-0.020249633741078545 0.6532807051534704
-0.01660569651084466 0.6849535006807458
-0.013127519037087714 0.7153840774006051
-0.009910648184924252 0.7445532022772001
-0.0070399136841835285 0.7724434353415187
-0.0045885756623501705 0.7990391357049669
-0.0026175923746899815 0.8243264652675516
-0.001175013554697462 0.8482933901285811
-0.0002955038697390153 0.8709296797105711
-3.697785493223493e-33 0.8922269036098128
-0.0002955038697390132 0.9121784261897748
-0.001175013554697458 0.9307793989362296
-0.0026175923746899698 0.9480267505956476
-0.004588575662350163 0.9639191751210539
-0.007039913684183519 0.9784571174521228
-0.009910648184924244 0.9916427571588553
-0.013127519037087703 1.0034799899806857
-0.016605696510844634 1.013974407295333
-0.020249633741078518 1.0231332735541283
-0.023954033064717186 1.0309655017229056
-0.027604919037951137 1.0374816267698586
-0.03108081012532314 1.042693777244011
-0.03425398028619371 1.0466156449901338
-0.03699180097375159 1.0492624530480774
-0.03915815341221818 1.0506509217865387
-0.04061490043350766 1.0507992333232834
-0.04122340663928608 1.049726994285764
-0.04084609521165495 1.0474551969679253
-0.039348029328677855 1.0440061789407722
-0.03659850585233263 1.0394035811759708
-0.03247264874841246 1.0336723047433845
-0.02685298957214141 1.0268384661449845
-0.019631022311057716 1.0189293513490483
-0.01070871991879447 1.0099733685899308
0 1
0.012567872682474068 0.9890397521415323
0.027052958912591817 0.9771241055074947
0.04349740459619601 0.9642854630611754
0.06192629840683645 0.9505570978855712
0.08234663816774843 0.9359731000143048
0.10474641602454135 0.9205683225166055
0.12909383178004533 0.9043783269095695
0.15533664301101224 0.887439327971498
0.183401659770058 0.8697881380306025
0.2131943907998545 0.8514621108037683
0.24459884725501058 0.8324990848603734
0.27747750894555745 0.8129373267863688
0.31167145709004596 0.7928154741239511
0.34700067650184885 0.7721724781621804
0.3832645290354751 0.7510475466538302
0.4202423989969507 0.7294800865335989
0.45769451008015566 0.7075096467125542
0.4953629122362279 0.6851758610233446
0.5329726357225931 0.6625183913902684
0.570233008418865 0.6395768712977722
0.6068391313458096 0.6163908496303269
0.642473506187795 0.5929997349559308
0.6768078075057362 0.5694427403246897
0.709504791243374 0.5457588286530483
0.7402203300817018 0.5219866587632822
0.7686055651911766 0.49816453214680606
0.7943091629754822 0.4743303405187226
0.8169796645004599 0.4505215142298276
0.8362679144633179 0.4267749716009861
0.8518295557862058 0.4031270692434274
0.8633275752200679 0.379613553427061
0.8704348847244481 0.35626951255738804
0.8728369228512717 0.3331293308199967
0.8702342599098067 0.31022664304995995
0.862345190329819 0.2875942908817262
0.8489082953736878 0.26526428023329274
0.8296849591787651 0.24326774017659505
0.8044618210408453 0.22163488324411754
0.7730531468800333 0.20039496721975522
0.7353031029627636 0.17957625845991637
0.6910879151889037 0.15920599678876568
0.6403178975908485 0.13931036200936925
0.582939334131767 0.11991444207030703
0.5189361984316765 0.10104220292508971
0.4483316966910743 0.08271646011943498
0.3711896198202884 0.06495885213914256
0.2876154916156633 0.04778981554895083
0.19775750074787607 0.031228561950372963
0.10180720533909429 0.01529305678408553
-5.356642853499754e-16 -7.661115992940574e-17
