-3.2162452993532727e-15 0
0.31414634623641297 0.0024673503667882457
0.6282151815625635 0.009868792685368
0.9421290141928536 0.022202500760599708
1.255810390586266 0.03946543143456882
1.5691819145568955 0.06165332533744072
1.8821662663702856 0.08876070793840007
2.194686221820903 0.12078089089640587
2.506664671286085 0.15770597371044248
2.818024638751652 0.19952684566884926
3.128689300804614 0.2462331880972446
3.4385820055881906 0.2978134769045204
3.7476262917144902 0.3542549854262256
4.05574590713025 0.415543787564685
4.362864827930849 0.4816647612250513
4.668907277118105 0.5526015920464666
4.973797743297094 0.6283367774273785
5.277460999307455 0.7088516308440385
5.579822120784586 0.7941262864611387
5.880806504646078 0.8841397040333976
6.180339887498949 0.9788696740969294
6.478348363962988 1.078292823449094
6.774758404905825 1.1823846209154887
7.069496875585143 1.2911193834026524
7.3624910536935575 1.4044702822349708
7.653668647301797 1.5224093497742652
7.942957812695611 1.6449074863203772
8.230287172102173 1.7719344672910942
8.515585831301454 1.9034589506796085
8.798783397118301 2.039448484787687
9.079809994790937 2.1798695162326442
9.358596285211467 2.3246873982261307
9.635073482034302 2.473866399122726
9.909173368648151 2.627369711236176
10.180828315007425 2.785159459921127
10.449971294318978 2.9471967129181564
10.716535899579931 3.1134414899596985
10.980456359962634 3.2838527726345945
11.24166755704261 3.4583885145087634
11.50010504086557 3.6370056514995297
11.75570504584946 3.819660112501051
12.00840450651768 4.006306830258188
12.25814107305953 4.196899752486192
12.504853126714103 4.391391853233406
12.748479794973793 4.589735144484215
12.98896096660367 4.791880687999379
13.226237306473037 4.997778607390808
13.460250270195466 5.207378100427807
13.690942118573773 5.420627451571769
13.918255931846286 5.637474044736224
14.14213562373095 5.857864376269049
14.362525955263777 6.081744068153712
14.579372548428232 6.3090578814262255
14.792621899572193 6.539749729804534
15.002221392609192 6.7737626935269635
15.208119312000619 7.011039033396324
15.410264855515782 7.251520205026205
15.608608146766594 7.495146873285896
15.803100247513806 7.74185892694047
15.993693169741812 7.99159549348232
16.18033988749895 8.244294954150536
16.362994348500468 8.499894959134428
16.541611485491238 8.75833244295739
16.716147227365404 9.019543640037364
16.886558510040302 9.283464100420067
17.052803287081844 9.550028705681024
17.214840540078875 9.819171684992574
17.372630288763823 10.090826631351849
17.526133600877273 10.364926517965694
17.675312601773868 10.641403714788531
17.820130483767358 10.920190005209065
17.960551515212313 11.201216602881697
18.09654104932039 11.484414168698546
18.228065532708907 11.769712827897823
18.355092513679622 12.057042187304388
18.477590650225736 12.346331352698204
18.595529717765025 12.637508946306442
18.708880616597348 12.930503124414855
18.817615379084508 13.225241595094172
18.921707176550907 13.52165163603701
19.02113032590307 13.819660112501051
19.115860295966602 14.119193495353919
19.20587371353886 14.420177879215414
19.291148369155962 14.72253900069254
19.37166322257262 15.026202256702902
19.447398407953532 15.331092722881891
19.51833523877495 15.63713517206915
19.584456212435313 15.94425409286975
19.645745014573773 16.252373708285507
19.702186523095477 16.56141799441181
19.753766811902757 16.871310699195384
19.80047315433115 17.181975361248348
19.842294026289558 17.493335328713915
19.879219109103595 17.805313778179094
19.9112392920616 18.117833733629713
19.938346674662558 18.4308180854431
19.960534568565432 18.744189609413734
19.9777974992394 19.057870985807146
19.990131207314633 19.371784818437433
19.99753264963321 19.685853653763587
20 20
20 20
19.995065603657316 20.314107590781283
19.980267284282714 20.627905195293135
19.9556196460308 20.941083133185145
19.92114701314478 21.253332335643044
19.87688340595138 21.564344650402308
19.82287250728689 21.87381314585725
19.759167619387476 22.181432413965428
19.68583161128631 22.486898871648545
19.602936856769432 22.789911060392292
19.510565162951536 23.090169943749473
19.408807689542257 23.387379202452916
19.297764858882513 23.68124552684678
19.17754625683981 23.971478906347805
19.048270524660197 24.25779291565073
18.91006524188368 24.539904997395467
18.763066800438637 24.81753674101715
18.607420270039437 25.090414157503712
18.44327925502015 25.358267949789965
18.270805742745615 25.620833778521302
18.090169943749473 25.877852522924734
17.901550123756902 26.129070536529767
17.70513242775789 26.3742398974869
17.501110696304597 26.61311865323652
17.289686274214116 26.845471059286886
17.071067811865476 27.071067811865476
16.845471059286886 27.28968627421412
16.61311865323652 27.501110696304597
16.3742398974869 27.70513242775789
16.129070536529767 27.901550123756902
15.87785252292473 28.090169943749473
15.620833778521305 28.270805742745615
15.358267949789965 28.44327925502015
15.090414157503712 28.607420270039437
14.817536741017152 28.763066800438637
14.539904997395467 28.91006524188368
14.257792915650727 29.048270524660197
13.971478906347805 29.17754625683981
13.68124552684678 29.297764858882513
13.387379202452912 29.408807689542257
13.090169943749475 29.510565162951536
12.789911060392294 29.60293685676943
12.486898871648545 29.68583161128631
12.181432413965425 29.759167619387476
11.873813145857246 29.82287250728689
11.564344650402308 29.87688340595138
11.253332335643043 29.92114701314478
10.941083133185144 29.9556196460308
10.627905195293133 29.980267284282718
10.31410759078128 29.995065603657316
9.999999999999998 30
9.685892409218717 29.995065603657316
9.372094804706867 29.980267284282718
9.058916866814856 29.9556196460308
8.746667664356956 29.921147013144775
8.43565534959769 29.87688340595138
8.126186854142752 29.82287250728689
7.818567586034575 29.759167619387476
7.513101128351451 29.68583161128631
7.210088939607706 29.60293685676943
6.909830056250525 29.510565162951536
6.612620797547084 29.408807689542257
6.318754473153221 29.297764858882513
6.028521093652193 29.17754625683981
5.742207084349273 29.048270524660197
5.4600950026045325 28.91006524188368
5.182463258982846 28.763066800438637
4.909585842496287 28.607420270039437
4.641732050210031 28.443279255020148
4.379166221478693 28.270805742745615
4.12214747707527 28.090169943749473
3.870929463470234 27.901550123756902
3.6257601025131025 27.70513242775789
3.3868813467634795 27.501110696304593
3.1545289407131127 27.289686274214112
2.9289321881345254 27.071067811865476
2.710313725785883 26.845471059286883
2.498889303695404 26.61311865323652
2.294867572242106 26.374239897486895
2.098449876243096 26.12907053652976
1.9098300562505266 25.877852522924734
1.7291942572543806 25.620833778521302
1.5567207449798492 25.358267949789965
1.3925797299605625 25.09041415750371
1.2369331995613642 24.81753674101715
1.08993475811632 24.539904997395464
0.9517294753398042 24.257792915650725
0.8224537431601886 23.971478906347805
0.7022351411174854 23.68124552684678
0.5911923104577455 23.387379202452912
0.4894348370484636 23.09016994374947
0.39706314323056935 22.78991106039229
0.31416838871368924 22.486898871648545
0.24083238061252565 22.181432413965425
0.1771274927131128 21.873813145857245
0.1231165940486223 21.564344650402308
0.07885298685522124 21.253332335643044
0.04438035396920004 20.941083133185145
0.01973271571728441 20.62790519529313
0.004934396342684 20.31410759078128
0 19.999999999999996
0 20
0 0
