B 1 X 100
B 2 1 100
B 3 2 100
B 4 3 100
B 1 4 100
B 2 1 100
B 3 2 100
B 4 3 100
B 1 4 100
B 2 1 100
B 3 2 100
B 4 3 100
B 1 4 100
B 2 1 100
B 3 2 100
B 4 3 100
B 1 4 100
B 2 1 100
B 3 2 100
B 4 3 100
B 1 4 100
B 2 1 100
B 3 2 100
B 4 3 100
B 1 4 100
B 2 1 100
B 3 2 100
B 4 3 100
B 1 4 100
B 2 1 100
B 3 2 100
B 4 3 100
B 1 4 100
B 2 1 100
B 3 2 100
B 4 3 100
B 1 4 100
B 2 1 100
B 3 2 100
B 4 3 100
B 1 4 100
M Passage A
B 2 1 80
B 3 2 80
B 4 3 80
B 1 4 80
M
B 2 1 80
B 3 2 81
B 4 3 82
B 1 4 83
B 2 1 84
B 3 2 85
B 4 3 86
B 1 4 87
B 2 1 88
B 3 2 89
B 4 3 90
B 1 4 91
B 2 1 92
B 3 2 93
B 4 3 94
B 1 4 95
B 2 1 96
B 3 2 97
B 4 3 98
B 1 4 99
B 2 1 100
B 3 2 101
B 4 3 102
B 1 4 103
B 2 1 104
B 3 2 105
B 4 3 106
B 1 4 107
B 2 1 108
B 3 2 109
B 4 3 110
B 1 4 111
B 2 1 112
B 3 2 113
B 4 3 114
B 1 4 115
B 2 1 116
B 3 2 117
B 4 3 118
B 1 4 119
B 2 1 120
B 3 2 121
B 4 3 122
B 1 4 123
B 2 1 124
B 3 2 125
B 4 3 126
B 1 4 127
B 2 1 128
B 3 2 129
B 4 3 130
B 1 4 131
B 2 1 132
B 3 2 133
B 4 3 134
B 1 4 135
B 2 1 136
B 3 2 137
B 4 3 138
B 1 4 139
B 2 1 100
B 3 2 100
B 1 3 100
B 2 1 100
B 3 2 100
B 1 3 100
B 2 1 100
B 3 2 100
B 1 3 100
B 2 1 100
B 3 2 100
B 1 3 100
B 2 1 100
B 3 2 100
B 1 3 100
B 2 1 60
B 3 2 60
B 4 3 60
B 1 4 60
B 2 1 60
B 3 2 60
B 4 3 60
B 1 4 60
B 2 1 60
B 3 2 60
B 4 3 60
B 1 4 60
B 2 1 60
B 3 2 60
B 4 3 60
B 1 4 60
B 2 1 60
B 3 2 60
B 4 3 60
B 1 4 60
B 0 X 120
S
